{
 "cells": [
  {
   "cell_type": "code",
   "execution_count": 114,
   "metadata": {},
   "outputs": [],
   "source": [
    "%matplotlib inline\n",
    "\n",
    "import matplotlib\n",
    "import numpy as np\n",
    "import matplotlib.pyplot as plt"
   ]
  },
  {
   "cell_type": "code",
   "execution_count": 115,
   "metadata": {},
   "outputs": [],
   "source": [
    "# parameters of example 3.5\n",
    "grid_width = 5\n",
    "grid_height = 5\n",
    "\n",
    "actions= np.array([[-1,0], [1, 0], [0, -1], [0, 1]])\n",
    "state_A = np.array([1, 0])\n",
    "state_B = np.array([3, 0])\n",
    "state_A_prime = np.array([1, grid_height-1])\n",
    "state_B_prime = np.array([3, 2])\n",
    "\n",
    "reward_offset = 0\n",
    "reward_any = 0 + reward_offset\n",
    "reward_out = -1 + reward_offset\n",
    "reward_A = 10 + reward_offset\n",
    "reward_B = 5 + reward_offset\n",
    "gamma = 0.9\n",
    "prob_policy = 1. / len(actions)\n",
    "\n",
    "theta = 1e-3"
   ]
  },
  {
   "cell_type": "code",
   "execution_count": 116,
   "metadata": {},
   "outputs": [
    {
     "name": "stdout",
     "output_type": "stream",
     "text": [
      "converged after 96 timesteps\n",
      "[[21.97690153 24.41877948 21.97690153 19.41877948 17.47690153]\n",
      " [19.77884703 21.97690153 19.77884703 17.80096232 16.02086609]\n",
      " [17.80096232 19.77884703 17.80096232 16.02086609 14.41877948]\n",
      " [16.02086609 17.80096232 16.02086609 14.41877948 12.97690153]\n",
      " [14.41877948 16.02086609 14.41877948 12.97690153 11.67884703]]\n"
     ]
    }
   ],
   "source": [
    "# figure 3.5\n",
    "num_steps = 100\n",
    "values_prime = np.zeros([grid_height, grid_width])\n",
    "values = np.zeros([grid_height, grid_width])\n",
    "for step in range(num_steps):\n",
    "    for y in range(grid_height):\n",
    "        for x in range(grid_width):\n",
    "            state = np.array([x, y])\n",
    "            values_actions = np.zeros(actions.shape[0])\n",
    "            for a, action in enumerate(actions):\n",
    "                state_prime = state + action\n",
    "                reward = reward_any\n",
    "                if np.all(state == state_A):\n",
    "                    state_prime = state_A_prime\n",
    "                    reward = reward_A\n",
    "                elif np.all(state == state_B):\n",
    "                    state_prime = state_B_prime\n",
    "                    reward = reward_B\n",
    "                elif np.any(state_prime < np.array([0, 0])) or np.any(state_prime >= np.array([grid_width, grid_height])):\n",
    "                    state_prime = state\n",
    "                    reward = reward_out\n",
    "                values_actions[a] = reward + gamma * values[state_prime[1], state_prime[0]]\n",
    "            values_prime[y, x] = np.max(values_actions)\n",
    "    delta = np.linalg.norm(values_prime - values)\n",
    "    values = np.copy(values_prime)\n",
    "    if delta < theta:\n",
    "        print('converged after {} timesteps'.format(step))\n",
    "        break\n",
    "    \n",
    "print(values)"
   ]
  },
  {
   "cell_type": "code",
   "execution_count": 117,
   "metadata": {},
   "outputs": [
    {
     "name": "stdout",
     "output_type": "stream",
     "text": [
      "converged after 39 timesteps\n",
      "[[ 3.31090387  8.79118019  4.42945778  5.32416158  1.49394036]\n",
      " [ 1.52349102  2.99419728  2.25197626  1.90936483  0.54916766]\n",
      " [ 0.05272354  0.74004854  0.67495194  0.35998538 -0.40136713]\n",
      " [-0.97168967 -0.43361477 -0.35303741 -0.58379676 -1.18128939]\n",
      " [-1.85579583 -1.34334742 -1.22741763 -1.42110288 -1.97338525]]\n"
     ]
    }
   ],
   "source": [
    "# example 3.5\n",
    "def state_value_function(state, value):\n",
    "    v_new = 0\n",
    "    for action in actions:\n",
    "        state_prime = state + action\n",
    "        reward = reward_any\n",
    "        if np.all(state == state_A):\n",
    "            state_prime = state_A_prime\n",
    "            reward = reward_A\n",
    "        elif np.all(state == state_B):\n",
    "            state_prime = state_B_prime\n",
    "            reward = reward_B\n",
    "        elif np.any(state_prime < np.array([0, 0])) or np.any(state_prime >= np.array([grid_width, grid_height])):\n",
    "            state_prime = state\n",
    "            reward = reward_out\n",
    "        v_new += prob_policy * (reward + gamma * values[state_prime[1], state_prime[0]])\n",
    "    return v_new\n",
    "\n",
    "num_steps = 100\n",
    "values = np.zeros([grid_height, grid_width])\n",
    "for step in range(num_steps):\n",
    "    values_prime = np.zeros([grid_height, grid_width])\n",
    "    for y in range(grid_height):\n",
    "        for x in range(grid_width):\n",
    "            state = np.array([x, y])\n",
    "            values_prime[y, x] = state_value_function(state, values[y, x])\n",
    "    delta = np.linalg.norm(values_prime - values)\n",
    "    if delta < theta:\n",
    "        print('converged after {} timesteps'.format(step))\n",
    "        break\n",
    "    values = values_prime\n",
    "    \n",
    "print(values)\n",
    "values_35 = values\n"
   ]
  },
  {
   "cell_type": "code",
   "execution_count": 118,
   "metadata": {},
   "outputs": [
    {
     "name": "stdout",
     "output_type": "stream",
     "text": [
      "converged after 29 timesteps\n",
      "[[ 3.31359559  8.79292942  4.43113177  5.32556099  1.4955287 ]\n",
      " [ 1.52582318  2.99591435  2.2534199   1.91064941  0.55045095]\n",
      " [ 0.05486787  0.74165922  0.67626363  0.36114423 -0.40025498]\n",
      " [-0.96965064 -0.43208514 -0.35180898 -0.58272448 -1.18027658]\n",
      " [-1.85380443 -1.34185832 -1.22622928 -1.42007309 -1.97241846]]\n"
     ]
    }
   ],
   "source": [
    "# example 3.5 with in-place update\n",
    "def state_value_function(state, value):\n",
    "    v_new = 0\n",
    "    for action in actions:\n",
    "        state_prime = state + action\n",
    "        reward = reward_any\n",
    "        if np.all(state == state_A):\n",
    "            state_prime = state_A_prime\n",
    "            reward = reward_A\n",
    "        elif np.all(state == state_B):\n",
    "            state_prime = state_B_prime\n",
    "            reward = reward_B\n",
    "        elif np.any(state_prime < np.array([0, 0])) or np.any(state_prime >= np.array([grid_width, grid_height])):\n",
    "            state_prime = state\n",
    "            reward = reward_out\n",
    "        v_new += prob_policy * (reward + gamma * values[state_prime[1], state_prime[0]])\n",
    "    return v_new   \n",
    "\n",
    "num_steps = 100\n",
    "values = np.zeros([grid_height, grid_width])\n",
    "for step in range(num_steps):\n",
    "    delta = 0.0\n",
    "    for y in range(grid_height):\n",
    "        for x in range(grid_width):\n",
    "            state = np.array([x, y])\n",
    "            v_current = values[y, x]\n",
    "            v_new = state_value_function(state, v_current)\n",
    "            values[y, x] = v_new\n",
    "            delta = max(delta, np.linalg.norm(v_new - v_current))\n",
    "    if delta < theta:\n",
    "        print('converged after {} timesteps'.format(step))\n",
    "        break\n",
    "    \n",
    "print(values)\n",
    "values_35_ip = values"
   ]
  },
  {
   "cell_type": "code",
   "execution_count": 119,
   "metadata": {},
   "outputs": [
    {
     "name": "stdout",
     "output_type": "stream",
     "text": [
      "0.00791342367110317\n"
     ]
    }
   ],
   "source": [
    "# compare values from 3.5 with 3.5 with in-place update\n",
    "delta = np.linalg.norm(values_35 - values_35_ip)\n",
    "print(delta)"
   ]
  },
  {
   "cell_type": "code",
   "execution_count": 141,
   "metadata": {},
   "outputs": [
    {
     "name": "stdout",
     "output_type": "stream",
     "text": [
      "step  0\n",
      "[[ 0. -1. -1. -1. -1.]\n",
      " [-1. -1. -1. -1. -1.]\n",
      " [-1. -1. -1. -1. -1.]\n",
      " [-1. -1. -1. -1. -1.]\n",
      " [-1. -1. -1. -1.  0.]]\n",
      "step  1\n",
      "[[ 0.    -1.675 -1.9   -1.9   -1.9  ]\n",
      " [-1.675 -1.9   -1.9   -1.9   -1.9  ]\n",
      " [-1.9   -1.9   -1.9   -1.9   -1.9  ]\n",
      " [-1.9   -1.9   -1.9   -1.9   -1.675]\n",
      " [-1.9   -1.9   -1.9   -1.675  0.   ]]\n",
      "step  2\n",
      "[[ 0.       -2.231875 -2.659375 -2.71     -2.71    ]\n",
      " [-2.231875 -2.60875  -2.71     -2.71     -2.71    ]\n",
      " [-2.659375 -2.71     -2.71     -2.71     -2.659375]\n",
      " [-2.71     -2.71     -2.71     -2.60875  -2.231875]\n",
      " [-2.71     -2.71     -2.659375 -2.231875  0.      ]]\n",
      "step  3\n",
      "[[ 0.         -2.6875     -3.32003125 -3.42760938 -3.439     ]\n",
      " [-2.6875     -3.22384375 -3.40482812 -3.439      -3.42760938]\n",
      " [-3.32003125 -3.40482812 -3.439      -3.40482813 -3.32003125]\n",
      " [-3.42760938 -3.439      -3.40482812 -3.22384375 -2.6875    ]\n",
      " [-3.439      -3.42760938 -3.32003125 -2.6875      0.        ]]\n",
      "step  4\n",
      "[[ 0.         -3.07705937 -3.88899297 -4.06576914 -4.08997422]\n",
      " [-3.07705938 -3.74154766 -4.01992187 -4.07459688 -4.06576914]\n",
      " [-3.88899297 -4.01992187 -4.06434531 -4.01992188 -3.88899297]\n",
      " [-4.06576914 -4.07459688 -4.01992188 -3.74154766 -3.07705938]\n",
      " [-4.08997422 -4.06576914 -3.88899297 -3.07705938  0.        ]]\n",
      "step  5\n",
      "[[ 0.         -3.40921    -4.38664226 -4.62684997 -4.67008451]\n",
      " [-3.40921    -4.19364156 -4.54813363 -4.63856096 -4.62684997]\n",
      " [-4.38664226 -4.54813363 -4.61792969 -4.54813363 -4.38664226]\n",
      " [-4.62684997 -4.63856096 -4.54813363 -4.19364156 -3.40921   ]\n",
      " [-4.67008451 -4.62684997 -4.38664226 -3.40921     0.        ]]\n",
      "step  6\n",
      "[[ 0.         -3.69763611 -4.81843807 -5.12248098 -5.18362052]\n",
      " [-3.69763611 -4.58080463 -5.01327425 -5.12874262 -5.12248098]\n",
      " [-4.81843807 -5.01327425 -5.09332027 -5.01327425 -4.81843807]\n",
      " [-5.12248098 -5.12874262 -5.01327425 -4.58080463 -3.69763611]\n",
      " [-5.18362052 -5.12248098 -4.81843807 -3.69763611  0.        ]]\n",
      "step  7\n",
      "[[ 0.         -3.94679773 -5.19666162 -5.55698849 -5.63774567]\n",
      " [-3.94679773 -4.91990966 -5.41479376 -5.56108986 -5.55698849]\n",
      " [-5.19666162 -5.41479376 -5.51194683 -5.41479376 -5.19666162]\n",
      " [-5.55698849 -5.56108986 -5.41479376 -4.91990966 -3.94679773]\n",
      " [-5.63774567 -5.55698849 -5.19666162 -3.94679773  0.        ]]\n",
      "step  8\n",
      "[[ 0.         -4.16425803 -5.52592936 -5.93930927 -6.03763038]\n",
      " [-4.16425803 -5.21271617 -5.76766179 -5.93730201 -5.93930927]\n",
      " [-5.52592936 -5.76766179 -5.87331438 -5.76766179 -5.52592936]\n",
      " [-5.93930927 -5.93730201 -5.76766179 -5.21271617 -4.16425803]\n",
      " [-6.03763038 -5.93930927 -5.52592936 -4.16425803  0.        ]]\n",
      "step  9\n",
      "[[ 0.         -4.3531533  -5.81436065 -6.27403848 -6.38962284]\n",
      " [-4.3531533  -5.46936392 -6.07358393 -6.26813698 -6.27403848]\n",
      " [-5.81436065 -6.07358393 -6.19089561 -6.07358393 -5.81436065]\n",
      " [-6.27403848 -6.26813698 -6.07358393 -5.46936392 -4.3531533 ]\n",
      " [-6.38962284 -6.27403848 -5.81436065 -4.3531533   0.        ]]\n",
      "step  10\n",
      "[[ 0.         -4.51829752 -6.06590568 -6.56788576 -6.69864759]\n",
      " [-4.51829752 -5.69203176 -6.34212036 -6.55643009 -6.56788576]\n",
      " [-6.06590568 -6.34212036 -6.46622554 -6.34212036 -6.06590568]\n",
      " [-6.56788576 -6.55643009 -6.34212036 -5.69203176 -4.51829752]\n",
      " [-6.69864759 -6.56788576 -6.06590568 -4.51829752  0.        ]]\n",
      "step  11\n",
      "[[ 0.         -4.66215287 -6.2861971  -6.82499555 -6.96994001]\n",
      " [-4.66215287 -5.88718805 -6.57563344 -6.80950276 -6.82499555]\n",
      " [-6.2861971  -6.57563344 -6.70790833 -6.57563344 -6.2861971 ]\n",
      " [-6.82499555 -6.80950276 -6.57563344 -5.88718805 -4.66215287]\n",
      " [-6.96994001 -6.82499555 -6.2861971  -4.66215287  0.        ]]\n",
      "step  12\n",
      "[[ 0.         -4.78799605 -6.47852027 -7.05039297 -7.207721  ]\n",
      " [-4.78799605 -6.05700384 -6.78042915 -7.03028305 -7.05039297]\n",
      " [-6.47852027 -6.78042915 -6.9180701  -6.78042915 -6.47852027]\n",
      " [-7.05039297 -7.03028305 -6.78042915 -6.05700384 -4.78799605]\n",
      " [-7.207721   -7.05039297 -6.47852027 -4.78799605  0.        ]]\n",
      "step  13\n",
      "[[ 0.         -4.89779203 -6.64690115 -7.24755639 -7.41615129]\n",
      " [-4.89779203 -6.20579134 -6.95887238 -7.22386995 -7.24755639]\n",
      " [-6.64690115 -6.95887238 -7.10238624 -6.95887238 -6.64690115]\n",
      " [-7.24755639 -7.22386995 -6.95887238 -6.20579134 -4.89779203]\n",
      " [-7.41615129 -7.24755639 -6.64690115 -4.89779203  0.        ]]\n",
      "step  14\n",
      "[[ 0.         -4.99385902 -6.79400244 -7.42025773 -7.59866845]\n",
      " [-4.99385902 -6.33549899 -7.11526345 -7.39289295 -7.42025773]\n",
      " [-6.79400244 -7.11526345 -7.26298514 -7.11526345 -6.79400244]\n",
      " [-7.42025773 -7.39289295 -7.11526345 -6.33549899 -4.99385902]\n",
      " [-7.59866845 -7.42025773 -6.79400244 -4.99385902  0.        ]]\n",
      "step  15\n",
      "[[ 0.         -5.0777561  -6.92276109 -7.57130985 -7.75851678]\n",
      " [-5.0777561  -6.44910511 -7.25171039 -7.54098453 -7.57130985]\n",
      " [-6.92276109 -7.25171039 -7.40373711 -7.25171039 -6.92276109]\n",
      " [-7.57130985 -7.54098453 -7.25171039 -6.44910511 -5.0777561 ]\n",
      " [-7.75851678 -7.57130985 -6.92276109 -5.0777561   0.        ]]\n",
      "step  16\n",
      "[[ 0.         -5.15116502 -7.03529592 -7.70355376 -7.89842198]\n",
      " [-5.15116502 -6.54825992 -7.37123226 -7.67035911 -7.70355376]\n",
      " [-7.03529592 -7.37123226 -7.52653935 -7.37123226 -7.03529592]\n",
      " [-7.70355376 -7.67035911 -7.37123226 -6.54825992 -5.15116502]\n",
      " [-7.89842198 -7.70355376 -7.03529592 -5.15116502  0.        ]]\n",
      "step  17\n",
      "[[ 0.         -5.21531219 -7.13378057 -7.81921692 -8.02088908]\n",
      " [-5.21531219 -6.63507878 -7.47560222 -7.78365371 -7.81921692]\n",
      " [-7.13378057 -7.47560222 -7.63410904 -7.47560222 -7.13378057]\n",
      " [-7.81921692 -7.78365371 -7.47560222 -6.63507878 -5.21531219]\n",
      " [-8.02088908 -7.81921692 -7.13378057 -5.21531219  0.        ]]\n",
      "step  18\n",
      "[[ 0.         -5.2714386  -7.21988018 -7.92044656 -8.1280477 ]\n",
      " [-5.2714386  -6.71091149 -7.56698997 -7.88266861 -7.92044656]\n",
      " [-7.21988018 -7.56698997 -7.728042   -7.56698997 -7.21988018]\n",
      " [-7.92044656 -7.88266861 -7.56698997 -6.71091149 -5.2714386 ]\n",
      " [-8.1280477  -7.92044656 -7.21988018 -5.2714386   0.        ]]\n",
      "step  19\n",
      "[[ 0.         -5.32050181 -7.29521994 -8.00898469 -8.22182242]\n",
      " [-5.32050181 -6.77729286 -7.64683801 -7.96934644 -8.00898469]\n",
      " [-7.29521994 -7.64683801 -7.81029097 -7.64683801 -7.29521994]\n",
      " [-8.00898469 -7.96934644 -7.64683801 -6.77729286 -5.32050181]\n",
      " [-8.22182242 -8.00898469 -7.29521994 -5.32050181  0.        ]]\n",
      "final values\n",
      "[[ 0.         -5.32050181 -7.29521994 -8.00898469 -8.22182242]\n",
      " [-5.32050181 -6.77729286 -7.64683801 -7.96934644 -8.00898469]\n",
      " [-7.29521994 -7.64683801 -7.81029097 -7.64683801 -7.29521994]\n",
      " [-8.00898469 -7.96934644 -7.64683801 -6.77729286 -5.32050181]\n",
      " [-8.22182242 -8.00898469 -7.29521994 -5.32050181  0.        ]] 0.25\n"
     ]
    }
   ],
   "source": [
    "# example 4.1\n",
    "num_steps = 20\n",
    "r_any = -1\n",
    "terminal_states = np.array([[0, 0], [grid_width - 1, grid_height - 1]])\n",
    "\n",
    "in_place = False\n",
    "print_values_after_every_step = True\n",
    "\n",
    "def state_value_function(state, value):\n",
    "    v_new = 0\n",
    "    for action in actions:\n",
    "        state_prime = state + action\n",
    "        reward = r_any\n",
    "        if np.any(state_prime < np.array([0, 0])) or np.any(state_prime >= np.array([grid_width, grid_height])):\n",
    "            state_prime = state\n",
    "        v_new += prob_policy * (reward + gamma * values[state_prime[1], state_prime[0]])\n",
    "    return v_new   \n",
    "\n",
    "values = np.zeros([grid_height, grid_width])\n",
    "for step in range(num_steps):\n",
    "    delta = 0.0\n",
    "    values_prime = np.zeros([grid_height, grid_width]) if not in_place else values\n",
    "    for y in range(grid_height):\n",
    "        for x in range(grid_width):\n",
    "            state = np.array([x, y])\n",
    "            if np.any(np.all(terminal_states == state, axis = 1)):\n",
    "                continue\n",
    "            v_current = values[y, x]\n",
    "            v_new = state_value_function(state, v_current)\n",
    "            values_prime[y, x] = v_new\n",
    "            delta = max(delta, np.linalg.norm(v_new - v_current))\n",
    "    values = np.copy(values_prime)\n",
    "    if print_values_after_every_step:\n",
    "        print('step ', step)\n",
    "        print(values)\n",
    "    if delta < theta:\n",
    "        print('converged after {} timesteps'.format(step))\n",
    "        break\n",
    "print('final values')\n",
    "print(values, prob_policy)\n"
   ]
  },
  {
   "cell_type": "code",
   "execution_count": null,
   "metadata": {},
   "outputs": [],
   "source": []
  }
 ],
 "metadata": {
  "kernelspec": {
   "display_name": "Python 3",
   "language": "python",
   "name": "python3"
  },
  "language_info": {
   "codemirror_mode": {
    "name": "ipython",
    "version": 3
   },
   "file_extension": ".py",
   "mimetype": "text/x-python",
   "name": "python",
   "nbconvert_exporter": "python",
   "pygments_lexer": "ipython3",
   "version": "3.6.4"
  }
 },
 "nbformat": 4,
 "nbformat_minor": 2
}
